{
    "metadata": {
        "language_info": {
            "name": "R", 
            "mimetype": "text/x-r-source", 
            "pygments_lexer": "r", 
            "codemirror_mode": "r", 
            "file_extension": ".r", 
            "version": "3.3.2"
        }, 
        "kernelspec": {
            "display_name": "R", 
            "name": "ir", 
            "language": "R"
        }
    }, 
    "nbformat": 4, 
    "cells": [
        {
            "metadata": {
                "collapsed": true
            }, 
            "source": "# R ML Crash Course_Part 7: Binary Classification Project Template\n\n## Full Day Workshop for user learn Data Science with R\n### 2018  Timothy CL Lam\nThis is meant for internal usage, part of contents copied externally, not for commercial purpose\n", 
            "cell_type": "markdown"
        }, 
        {
            "metadata": {}, 
            "source": "# Project Template: ", 
            "cell_type": "markdown"
        }, 
        {
            "source": "# R Project Template\n\n# 1. Prepare Problem\n# a) Load packages\n# b) Load dataset\n# c) Split-out validation dataset\n\n# 2. Summarize Data (EDA)\n# a) Descriptive statistics\n# b) Data visualizations\n\n# 3. Prepare Data\n# a) Data Cleaning\n# b) Feature Selection\n# c) Data Transforms\n\n# 4. Evaluate Algorithms\n# a) Test options and evaluation metric\n# b) Spot-Check Algorithms\n# c) Compare Algorithms\n\n# 5. Improve Accuracy\n# a) Algorithm Tuning\n# b) Ensembles\n\n# 6. Finalize Model\n# a) Predictions on validation dataset\n# b) Create standalone model on entire training dataset\n# c) Save model for later use", 
            "metadata": {
                "collapsed": true
            }, 
            "execution_count": 9, 
            "cell_type": "code", 
            "outputs": []
        }, 
        {
            "metadata": {}, 
            "source": "## Binary Classification: Breast Cancer Tiss\nWisconsin Breast Cancer Dataset described in Chapter 5.\nEach record in the dataset represents one breast cancer tissue sample. The data was collected\nfrom University of Wisconsin Hospitals. Below is a summary\n\n- Sample id number.\n- Clump Thickness.\n- Uniformity of Cell Size.\n- Uniformity of Cell Shape.\n- Marginal Adhesion.\n- Single Epithelial Cell Size.\n- Bare Nuclei.\n- Bland Chromatin.\n- \u0088 Normal Nucleoli.\n- Mitoses.\n- Class.", 
            "cell_type": "markdown"
        }, 
        {
            "source": "# load packages\n# load packages\nlibrary(mlbench)\nlibrary(caret)\n# Load data\ndata(BreastCancer)\nhead(BreastCancer)", 
            "metadata": {
                "scrolled": true, 
                "collapsed": false
            }, 
            "execution_count": 20, 
            "cell_type": "code", 
            "outputs": [
                {
                    "data": {
                        "text/html": "<table>\n<thead><tr><th scope=col>Id</th><th scope=col>Cl.thickness</th><th scope=col>Cell.size</th><th scope=col>Cell.shape</th><th scope=col>Marg.adhesion</th><th scope=col>Epith.c.size</th><th scope=col>Bare.nuclei</th><th scope=col>Bl.cromatin</th><th scope=col>Normal.nucleoli</th><th scope=col>Mitoses</th><th scope=col>Class</th></tr></thead>\n<tbody>\n\t<tr><td>1000025  </td><td>5        </td><td>1        </td><td>1        </td><td>1        </td><td>2        </td><td>1        </td><td>3        </td><td>1        </td><td>1        </td><td>benign   </td></tr>\n\t<tr><td>1002945  </td><td>5        </td><td>4        </td><td>4        </td><td>5        </td><td>7        </td><td>10       </td><td>3        </td><td>2        </td><td>1        </td><td>benign   </td></tr>\n\t<tr><td>1015425  </td><td>3        </td><td>1        </td><td>1        </td><td>1        </td><td>2        </td><td>2        </td><td>3        </td><td>1        </td><td>1        </td><td>benign   </td></tr>\n\t<tr><td>1016277  </td><td>6        </td><td>8        </td><td>8        </td><td>1        </td><td>3        </td><td>4        </td><td>3        </td><td>7        </td><td>1        </td><td>benign   </td></tr>\n\t<tr><td>1017023  </td><td>4        </td><td>1        </td><td>1        </td><td>3        </td><td>2        </td><td>1        </td><td>3        </td><td>1        </td><td>1        </td><td>benign   </td></tr>\n\t<tr><td>1017122  </td><td>8        </td><td>10       </td><td>10       </td><td>8        </td><td>7        </td><td>10       </td><td>9        </td><td>7        </td><td>1        </td><td>malignant</td></tr>\n</tbody>\n</table>\n", 
                        "text/latex": "\\begin{tabular}{r|lllllllllll}\n Id & Cl.thickness & Cell.size & Cell.shape & Marg.adhesion & Epith.c.size & Bare.nuclei & Bl.cromatin & Normal.nucleoli & Mitoses & Class\\\\\n\\hline\n\t 1000025   & 5         & 1         & 1         & 1         & 2         & 1         & 3         & 1         & 1         & benign   \\\\\n\t 1002945   & 5         & 4         & 4         & 5         & 7         & 10        & 3         & 2         & 1         & benign   \\\\\n\t 1015425   & 3         & 1         & 1         & 1         & 2         & 2         & 3         & 1         & 1         & benign   \\\\\n\t 1016277   & 6         & 8         & 8         & 1         & 3         & 4         & 3         & 7         & 1         & benign   \\\\\n\t 1017023   & 4         & 1         & 1         & 3         & 2         & 1         & 3         & 1         & 1         & benign   \\\\\n\t 1017122   & 8         & 10        & 10        & 8         & 7         & 10        & 9         & 7         & 1         & malignant\\\\\n\\end{tabular}\n", 
                        "text/plain": "  Id      Cl.thickness Cell.size Cell.shape Marg.adhesion Epith.c.size\n1 1000025 5            1         1          1             2           \n2 1002945 5            4         4          5             7           \n3 1015425 3            1         1          1             2           \n4 1016277 6            8         8          1             3           \n5 1017023 4            1         1          3             2           \n6 1017122 8            10        10         8             7           \n  Bare.nuclei Bl.cromatin Normal.nucleoli Mitoses Class    \n1 1           3           1               1       benign   \n2 10          3           2               1       benign   \n3 2           3           1               1       benign   \n4 4           3           7               1       benign   \n5 1           3           1               1       benign   \n6 10          9           7               1       malignant", 
                        "text/markdown": "\nId | Cl.thickness | Cell.size | Cell.shape | Marg.adhesion | Epith.c.size | Bare.nuclei | Bl.cromatin | Normal.nucleoli | Mitoses | Class | \n|---|---|---|---|---|---|\n| 1000025   | 5         | 1         | 1         | 1         | 2         | 1         | 3         | 1         | 1         | benign    | \n| 1002945   | 5         | 4         | 4         | 5         | 7         | 10        | 3         | 2         | 1         | benign    | \n| 1015425   | 3         | 1         | 1         | 1         | 2         | 2         | 3         | 1         | 1         | benign    | \n| 1016277   | 6         | 8         | 8         | 1         | 3         | 4         | 3         | 7         | 1         | benign    | \n| 1017023   | 4         | 1         | 1         | 3         | 2         | 1         | 3         | 1         | 1         | benign    | \n| 1017122   | 8         | 10        | 10        | 8         | 7         | 10        | 9         | 7         | 1         | malignant | \n\n\n"
                    }, 
                    "metadata": {}, 
                    "output_type": "display_data"
                }
            ]
        }, 
        {
            "metadata": {}, 
            "source": "##  Validation Dataset", 
            "cell_type": "markdown"
        }, 
        {
            "source": "# Split out validation dataset\n# create a list of 80% of the rows in the original dataset we can use for training\nset.seed(7)\nvalidationIndex <- createDataPartition(BreastCancer$Class, p=0.80, list=FALSE)\n# select 20% of the data for validation\nvalidation <- BreastCancer[-validationIndex,]\n# use the remaining 80% of data to training and testing the models\ndataset <- BreastCancer[validationIndex,] ", 
            "metadata": {
                "collapsed": true
            }, 
            "execution_count": 63, 
            "cell_type": "code", 
            "outputs": []
        }, 
        {
            "source": "dim(validation)\ndim(dataset)", 
            "metadata": {
                "scrolled": true, 
                "collapsed": false
            }, 
            "execution_count": 64, 
            "cell_type": "code", 
            "outputs": [
                {
                    "data": {
                        "text/html": "<ol class=list-inline>\n\t<li>139</li>\n\t<li>11</li>\n</ol>\n", 
                        "text/latex": "\\begin{enumerate*}\n\\item 139\n\\item 11\n\\end{enumerate*}\n", 
                        "text/plain": "[1] 139  11", 
                        "text/markdown": "1. 139\n2. 11\n\n\n"
                    }, 
                    "metadata": {}, 
                    "output_type": "display_data"
                }, 
                {
                    "data": {
                        "text/html": "<ol class=list-inline>\n\t<li>560</li>\n\t<li>11</li>\n</ol>\n", 
                        "text/latex": "\\begin{enumerate*}\n\\item 560\n\\item 11\n\\end{enumerate*}\n", 
                        "text/plain": "[1] 560  11", 
                        "text/markdown": "1. 560\n2. 11\n\n\n"
                    }, 
                    "metadata": {}, 
                    "output_type": "display_data"
                }
            ]
        }, 
        {
            "source": "# https://www.r-bloggers.com/using-apply-sapply-lapply-in-r/", 
            "metadata": {
                "collapsed": true
            }, 
            "execution_count": null, 
            "cell_type": "code", 
            "outputs": []
        }, 
        {
            "source": "sapply(dataset, class)", 
            "metadata": {
                "scrolled": false, 
                "collapsed": false
            }, 
            "execution_count": 65, 
            "cell_type": "code", 
            "outputs": [
                {
                    "data": {
                        "text/html": "<dl>\n\t<dt>$Id</dt>\n\t\t<dd>'character'</dd>\n\t<dt>$Cl.thickness</dt>\n\t\t<dd><ol class=list-inline>\n\t<li>'ordered'</li>\n\t<li>'factor'</li>\n</ol>\n</dd>\n\t<dt>$Cell.size</dt>\n\t\t<dd><ol class=list-inline>\n\t<li>'ordered'</li>\n\t<li>'factor'</li>\n</ol>\n</dd>\n\t<dt>$Cell.shape</dt>\n\t\t<dd><ol class=list-inline>\n\t<li>'ordered'</li>\n\t<li>'factor'</li>\n</ol>\n</dd>\n\t<dt>$Marg.adhesion</dt>\n\t\t<dd><ol class=list-inline>\n\t<li>'ordered'</li>\n\t<li>'factor'</li>\n</ol>\n</dd>\n\t<dt>$Epith.c.size</dt>\n\t\t<dd><ol class=list-inline>\n\t<li>'ordered'</li>\n\t<li>'factor'</li>\n</ol>\n</dd>\n\t<dt>$Bare.nuclei</dt>\n\t\t<dd>'factor'</dd>\n\t<dt>$Bl.cromatin</dt>\n\t\t<dd>'factor'</dd>\n\t<dt>$Normal.nucleoli</dt>\n\t\t<dd>'factor'</dd>\n\t<dt>$Mitoses</dt>\n\t\t<dd>'factor'</dd>\n\t<dt>$Class</dt>\n\t\t<dd>'factor'</dd>\n</dl>\n", 
                        "text/latex": "\\begin{description}\n\\item[\\$Id] 'character'\n\\item[\\$Cl.thickness] \\begin{enumerate*}\n\\item 'ordered'\n\\item 'factor'\n\\end{enumerate*}\n\n\\item[\\$Cell.size] \\begin{enumerate*}\n\\item 'ordered'\n\\item 'factor'\n\\end{enumerate*}\n\n\\item[\\$Cell.shape] \\begin{enumerate*}\n\\item 'ordered'\n\\item 'factor'\n\\end{enumerate*}\n\n\\item[\\$Marg.adhesion] \\begin{enumerate*}\n\\item 'ordered'\n\\item 'factor'\n\\end{enumerate*}\n\n\\item[\\$Epith.c.size] \\begin{enumerate*}\n\\item 'ordered'\n\\item 'factor'\n\\end{enumerate*}\n\n\\item[\\$Bare.nuclei] 'factor'\n\\item[\\$Bl.cromatin] 'factor'\n\\item[\\$Normal.nucleoli] 'factor'\n\\item[\\$Mitoses] 'factor'\n\\item[\\$Class] 'factor'\n\\end{description}\n", 
                        "text/plain": "$Id\n[1] \"character\"\n\n$Cl.thickness\n[1] \"ordered\" \"factor\" \n\n$Cell.size\n[1] \"ordered\" \"factor\" \n\n$Cell.shape\n[1] \"ordered\" \"factor\" \n\n$Marg.adhesion\n[1] \"ordered\" \"factor\" \n\n$Epith.c.size\n[1] \"ordered\" \"factor\" \n\n$Bare.nuclei\n[1] \"factor\"\n\n$Bl.cromatin\n[1] \"factor\"\n\n$Normal.nucleoli\n[1] \"factor\"\n\n$Mitoses\n[1] \"factor\"\n\n$Class\n[1] \"factor\"\n", 
                        "text/markdown": "$Id\n:   'character'\n$Cl.thickness\n:   1. 'ordered'\n2. 'factor'\n\n\n\n$Cell.size\n:   1. 'ordered'\n2. 'factor'\n\n\n\n$Cell.shape\n:   1. 'ordered'\n2. 'factor'\n\n\n\n$Marg.adhesion\n:   1. 'ordered'\n2. 'factor'\n\n\n\n$Epith.c.size\n:   1. 'ordered'\n2. 'factor'\n\n\n\n$Bare.nuclei\n:   'factor'\n$Bl.cromatin\n:   'factor'\n$Normal.nucleoli\n:   'factor'\n$Mitoses\n:   'factor'\n$Class\n:   'factor'\n\n\n"
                    }, 
                    "metadata": {}, 
                    "output_type": "display_data"
                }
            ]
        }, 
        {
            "metadata": {}, 
            "source": "### Factor, Ordinal, Integer Num\n\n- For modeling it may be more useful to work with the data as numbers than factors. \n- Factors\nmight make things easier for decision tree algorithms (or not). \n- Given that there is an ordinal\nrelationship between the levels we can expose that structure to other algorithms better if we\nwork directly with the integer numbe", 
            "cell_type": "markdown"
        }, 
        {
            "source": "# R dataframe can delete column directly by using \"-\" + \"column index\"\ndataset3 <- dataset[,-2]", 
            "metadata": {
                "collapsed": true
            }, 
            "execution_count": 66, 
            "cell_type": "code", 
            "outputs": []
        }, 
        {
            "source": "dataset <- dataset[,-1]\nfor(i in 1:9) {\ndataset [,i] <- as.numeric(as.character(dataset[,i]))\n    }", 
            "metadata": {
                "collapsed": false
            }, 
            "execution_count": 67, 
            "cell_type": "code", 
            "outputs": []
        }, 
        {
            "source": "sapply(dataset, class)", 
            "metadata": {
                "collapsed": false
            }, 
            "execution_count": 68, 
            "cell_type": "code", 
            "outputs": [
                {
                    "data": {
                        "text/html": "<dl class=dl-horizontal>\n\t<dt>Cl.thickness</dt>\n\t\t<dd>'numeric'</dd>\n\t<dt>Cell.size</dt>\n\t\t<dd>'numeric'</dd>\n\t<dt>Cell.shape</dt>\n\t\t<dd>'numeric'</dd>\n\t<dt>Marg.adhesion</dt>\n\t\t<dd>'numeric'</dd>\n\t<dt>Epith.c.size</dt>\n\t\t<dd>'numeric'</dd>\n\t<dt>Bare.nuclei</dt>\n\t\t<dd>'numeric'</dd>\n\t<dt>Bl.cromatin</dt>\n\t\t<dd>'numeric'</dd>\n\t<dt>Normal.nucleoli</dt>\n\t\t<dd>'numeric'</dd>\n\t<dt>Mitoses</dt>\n\t\t<dd>'numeric'</dd>\n\t<dt>Class</dt>\n\t\t<dd>'factor'</dd>\n</dl>\n", 
                        "text/latex": "\\begin{description*}\n\\item[Cl.thickness] 'numeric'\n\\item[Cell.size] 'numeric'\n\\item[Cell.shape] 'numeric'\n\\item[Marg.adhesion] 'numeric'\n\\item[Epith.c.size] 'numeric'\n\\item[Bare.nuclei] 'numeric'\n\\item[Bl.cromatin] 'numeric'\n\\item[Normal.nucleoli] 'numeric'\n\\item[Mitoses] 'numeric'\n\\item[Class] 'factor'\n\\end{description*}\n", 
                        "text/plain": "   Cl.thickness       Cell.size      Cell.shape   Marg.adhesion    Epith.c.size \n      \"numeric\"       \"numeric\"       \"numeric\"       \"numeric\"       \"numeric\" \n    Bare.nuclei     Bl.cromatin Normal.nucleoli         Mitoses           Class \n      \"numeric\"       \"numeric\"       \"numeric\"       \"numeric\"        \"factor\" ", 
                        "text/markdown": "Cl.thickness\n:   'numeric'Cell.size\n:   'numeric'Cell.shape\n:   'numeric'Marg.adhesion\n:   'numeric'Epith.c.size\n:   'numeric'Bare.nuclei\n:   'numeric'Bl.cromatin\n:   'numeric'Normal.nucleoli\n:   'numeric'Mitoses\n:   'numeric'Class\n:   'factor'\n\n"
                    }, 
                    "metadata": {}, 
                    "output_type": "display_data"
                }
            ]
        }, 
        {
            "source": "# if wanna change the data type from factor to numeric\n# breast$class <- as.numeric(as.character(breast$class))\n\n# if want to change multiple columnt to class\n# indx <- sapply(breast, is.factor)\n# breast[indx] <- lapply(breast[indx], function(x) as.numeric(as.character(x)))\n\nsummary(dataset)", 
            "metadata": {
                "scrolled": false, 
                "collapsed": false
            }, 
            "execution_count": 69, 
            "cell_type": "code", 
            "outputs": [
                {
                    "data": {
                        "text/plain": "  Cl.thickness      Cell.size        Cell.shape     Marg.adhesion   \n Min.   : 1.000   Min.   : 1.000   Min.   : 1.000   Min.   : 1.000  \n 1st Qu.: 2.000   1st Qu.: 1.000   1st Qu.: 1.000   1st Qu.: 1.000  \n Median : 4.000   Median : 1.000   Median : 2.000   Median : 1.000  \n Mean   : 4.384   Mean   : 3.116   Mean   : 3.198   Mean   : 2.875  \n 3rd Qu.: 6.000   3rd Qu.: 5.000   3rd Qu.: 5.000   3rd Qu.: 4.000  \n Max.   :10.000   Max.   :10.000   Max.   :10.000   Max.   :10.000  \n                                                                    \n  Epith.c.size     Bare.nuclei      Bl.cromatin     Normal.nucleoli \n Min.   : 1.000   Min.   : 1.000   Min.   : 1.000   Min.   : 1.000  \n 1st Qu.: 2.000   1st Qu.: 1.000   1st Qu.: 2.000   1st Qu.: 1.000  \n Median : 2.000   Median : 1.000   Median : 3.000   Median : 1.000  \n Mean   : 3.232   Mean   : 3.468   Mean   : 3.405   Mean   : 2.877  \n 3rd Qu.: 4.000   3rd Qu.: 5.000   3rd Qu.: 4.250   3rd Qu.: 4.000  \n Max.   :10.000   Max.   :10.000   Max.   :10.000   Max.   :10.000  \n                  NA's   :13                                        \n    Mitoses             Class    \n Min.   : 1.000   benign   :367  \n 1st Qu.: 1.000   malignant:193  \n Median : 1.000                  \n Mean   : 1.611                  \n 3rd Qu.: 1.000                  \n Max.   :10.000                  \n                                 "
                    }, 
                    "metadata": {}, 
                    "output_type": "display_data"
                }
            ]
        }, 
        {
            "metadata": {}, 
            "source": "## Observation\n- we can see we have 13 NA values for the Bare.nuclei attribute. \n- This suggests\nwe may need to remove the records (or impute values) with NA values for some analysis and\nmodeling techniques. \n- We can also see that all attributes have integer values in the range [1,10].\n- This suggests that we may not see much benefit from normalizing attributes for instance-based\nmethods like KNN.\n- We can also see that there is some imbalance in the Class values.", 
            "cell_type": "markdown"
        }, 
        {
            "source": "cbind(freq=table(dataset$class), precentage=prop.table(table(dataset$Class))*100)", 
            "metadata": {
                "collapsed": false
            }, 
            "execution_count": 70, 
            "cell_type": "code", 
            "outputs": [
                {
                    "data": {
                        "text/html": "<table>\n<thead><tr><th></th><th scope=col>precentage</th></tr></thead>\n<tbody>\n\t<tr><th scope=row>benign</th><td>65.53571</td></tr>\n\t<tr><th scope=row>malignant</th><td>34.46429</td></tr>\n</tbody>\n</table>\n", 
                        "text/latex": "\\begin{tabular}{r|l}\n  & precentage\\\\\n\\hline\n\tbenign & 65.53571\\\\\n\tmalignant & 34.46429\\\\\n\\end{tabular}\n", 
                        "text/plain": "          precentage\nbenign    65.53571  \nmalignant 34.46429  ", 
                        "text/markdown": "\n| <!--/--> | precentage | \n|---|---|\n| benign | 65.53571 | \n| malignant | 34.46429 | \n\n\n"
                    }, 
                    "metadata": {}, 
                    "output_type": "display_data"
                }
            ]
        }, 
        {
            "source": "cbind(freq=table(dataset$Class), percentage=prop.table(table(dataset$Class)))", 
            "metadata": {
                "scrolled": true, 
                "collapsed": false
            }, 
            "execution_count": 34, 
            "cell_type": "code", 
            "outputs": [
                {
                    "data": {
                        "text/html": "<table>\n<thead><tr><th></th><th scope=col>freq</th><th scope=col>percentage</th></tr></thead>\n<tbody>\n\t<tr><th scope=row>benign</th><td>367      </td><td>0.6553571</td></tr>\n\t<tr><th scope=row>malignant</th><td>193      </td><td>0.3446429</td></tr>\n</tbody>\n</table>\n", 
                        "text/latex": "\\begin{tabular}{r|ll}\n  & freq & percentage\\\\\n\\hline\n\tbenign & 367       & 0.6553571\\\\\n\tmalignant & 193       & 0.3446429\\\\\n\\end{tabular}\n", 
                        "text/plain": "          freq percentage\nbenign    367  0.6553571 \nmalignant 193  0.3446429 ", 
                        "text/markdown": "\n| <!--/--> | freq | percentage | \n|---|---|\n| benign | 367       | 0.6553571 | \n| malignant | 193       | 0.3446429 | \n\n\n"
                    }, 
                    "metadata": {}, 
                    "output_type": "display_data"
                }
            ]
        }, 
        {
            "source": "complete_cases <- complete.cases(dataset)\ncor(dataset[complete_cases,1:9])", 
            "metadata": {
                "scrolled": true, 
                "collapsed": false
            }, 
            "execution_count": 71, 
            "cell_type": "code", 
            "outputs": [
                {
                    "data": {
                        "text/html": "<table>\n<thead><tr><th></th><th scope=col>Cl.thickness</th><th scope=col>Cell.size</th><th scope=col>Cell.shape</th><th scope=col>Marg.adhesion</th><th scope=col>Epith.c.size</th><th scope=col>Bare.nuclei</th><th scope=col>Bl.cromatin</th><th scope=col>Normal.nucleoli</th><th scope=col>Mitoses</th></tr></thead>\n<tbody>\n\t<tr><th scope=row>Cl.thickness</th><td>1.0000000</td><td>0.6200884</td><td>0.6302917</td><td>0.4741733</td><td>0.5089557</td><td>0.5600770</td><td>0.5290733</td><td>0.5143933</td><td>0.3426018</td></tr>\n\t<tr><th scope=row>Cell.size</th><td>0.6200884</td><td>1.0000000</td><td>0.9011340</td><td>0.7141150</td><td>0.7404824</td><td>0.6687226</td><td>0.7502700</td><td>0.7072182</td><td>0.4506532</td></tr>\n\t<tr><th scope=row>Cell.shape</th><td>0.6302917</td><td>0.9011340</td><td>1.0000000</td><td>0.6846206</td><td>0.7043423</td><td>0.6896724</td><td>0.7276114</td><td>0.7127155</td><td>0.4345125</td></tr>\n\t<tr><th scope=row>Marg.adhesion</th><td>0.4741733</td><td>0.7141150</td><td>0.6846206</td><td>1.0000000</td><td>0.5860660</td><td>0.6660165</td><td>0.6660533</td><td>0.6031036</td><td>0.4314910</td></tr>\n\t<tr><th scope=row>Epith.c.size</th><td>0.5089557</td><td>0.7404824</td><td>0.7043423</td><td>0.5860660</td><td>1.0000000</td><td>0.5568406</td><td>0.6102032</td><td>0.6433364</td><td>0.4775271</td></tr>\n\t<tr><th scope=row>Bare.nuclei</th><td>0.5600770</td><td>0.6687226</td><td>0.6896724</td><td>0.6660165</td><td>0.5568406</td><td>1.0000000</td><td>0.6668483</td><td>0.5795794</td><td>0.3539473</td></tr>\n\t<tr><th scope=row>Bl.cromatin</th><td>0.5290733</td><td>0.7502700</td><td>0.7276114</td><td>0.6660533</td><td>0.6102032</td><td>0.6668483</td><td>1.0000000</td><td>0.6838547</td><td>0.3545122</td></tr>\n\t<tr><th scope=row>Normal.nucleoli</th><td>0.5143933</td><td>0.7072182</td><td>0.7127155</td><td>0.6031036</td><td>0.6433364</td><td>0.5795794</td><td>0.6838547</td><td>1.0000000</td><td>0.4084127</td></tr>\n\t<tr><th scope=row>Mitoses</th><td>0.3426018</td><td>0.4506532</td><td>0.4345125</td><td>0.4314910</td><td>0.4775271</td><td>0.3539473</td><td>0.3545122</td><td>0.4084127</td><td>1.0000000</td></tr>\n</tbody>\n</table>\n", 
                        "text/latex": "\\begin{tabular}{r|lllllllll}\n  & Cl.thickness & Cell.size & Cell.shape & Marg.adhesion & Epith.c.size & Bare.nuclei & Bl.cromatin & Normal.nucleoli & Mitoses\\\\\n\\hline\n\tCl.thickness & 1.0000000 & 0.6200884 & 0.6302917 & 0.4741733 & 0.5089557 & 0.5600770 & 0.5290733 & 0.5143933 & 0.3426018\\\\\n\tCell.size & 0.6200884 & 1.0000000 & 0.9011340 & 0.7141150 & 0.7404824 & 0.6687226 & 0.7502700 & 0.7072182 & 0.4506532\\\\\n\tCell.shape & 0.6302917 & 0.9011340 & 1.0000000 & 0.6846206 & 0.7043423 & 0.6896724 & 0.7276114 & 0.7127155 & 0.4345125\\\\\n\tMarg.adhesion & 0.4741733 & 0.7141150 & 0.6846206 & 1.0000000 & 0.5860660 & 0.6660165 & 0.6660533 & 0.6031036 & 0.4314910\\\\\n\tEpith.c.size & 0.5089557 & 0.7404824 & 0.7043423 & 0.5860660 & 1.0000000 & 0.5568406 & 0.6102032 & 0.6433364 & 0.4775271\\\\\n\tBare.nuclei & 0.5600770 & 0.6687226 & 0.6896724 & 0.6660165 & 0.5568406 & 1.0000000 & 0.6668483 & 0.5795794 & 0.3539473\\\\\n\tBl.cromatin & 0.5290733 & 0.7502700 & 0.7276114 & 0.6660533 & 0.6102032 & 0.6668483 & 1.0000000 & 0.6838547 & 0.3545122\\\\\n\tNormal.nucleoli & 0.5143933 & 0.7072182 & 0.7127155 & 0.6031036 & 0.6433364 & 0.5795794 & 0.6838547 & 1.0000000 & 0.4084127\\\\\n\tMitoses & 0.3426018 & 0.4506532 & 0.4345125 & 0.4314910 & 0.4775271 & 0.3539473 & 0.3545122 & 0.4084127 & 1.0000000\\\\\n\\end{tabular}\n", 
                        "text/plain": "                Cl.thickness Cell.size Cell.shape Marg.adhesion Epith.c.size\nCl.thickness    1.0000000    0.6200884 0.6302917  0.4741733     0.5089557   \nCell.size       0.6200884    1.0000000 0.9011340  0.7141150     0.7404824   \nCell.shape      0.6302917    0.9011340 1.0000000  0.6846206     0.7043423   \nMarg.adhesion   0.4741733    0.7141150 0.6846206  1.0000000     0.5860660   \nEpith.c.size    0.5089557    0.7404824 0.7043423  0.5860660     1.0000000   \nBare.nuclei     0.5600770    0.6687226 0.6896724  0.6660165     0.5568406   \nBl.cromatin     0.5290733    0.7502700 0.7276114  0.6660533     0.6102032   \nNormal.nucleoli 0.5143933    0.7072182 0.7127155  0.6031036     0.6433364   \nMitoses         0.3426018    0.4506532 0.4345125  0.4314910     0.4775271   \n                Bare.nuclei Bl.cromatin Normal.nucleoli Mitoses  \nCl.thickness    0.5600770   0.5290733   0.5143933       0.3426018\nCell.size       0.6687226   0.7502700   0.7072182       0.4506532\nCell.shape      0.6896724   0.7276114   0.7127155       0.4345125\nMarg.adhesion   0.6660165   0.6660533   0.6031036       0.4314910\nEpith.c.size    0.5568406   0.6102032   0.6433364       0.4775271\nBare.nuclei     1.0000000   0.6668483   0.5795794       0.3539473\nBl.cromatin     0.6668483   1.0000000   0.6838547       0.3545122\nNormal.nucleoli 0.5795794   0.6838547   1.0000000       0.4084127\nMitoses         0.3539473   0.3545122   0.4084127       1.0000000", 
                        "text/markdown": "\n| <!--/--> | Cl.thickness | Cell.size | Cell.shape | Marg.adhesion | Epith.c.size | Bare.nuclei | Bl.cromatin | Normal.nucleoli | Mitoses | \n|---|---|---|---|---|---|---|---|---|\n| Cl.thickness | 1.0000000 | 0.6200884 | 0.6302917 | 0.4741733 | 0.5089557 | 0.5600770 | 0.5290733 | 0.5143933 | 0.3426018 | \n| Cell.size | 0.6200884 | 1.0000000 | 0.9011340 | 0.7141150 | 0.7404824 | 0.6687226 | 0.7502700 | 0.7072182 | 0.4506532 | \n| Cell.shape | 0.6302917 | 0.9011340 | 1.0000000 | 0.6846206 | 0.7043423 | 0.6896724 | 0.7276114 | 0.7127155 | 0.4345125 | \n| Marg.adhesion | 0.4741733 | 0.7141150 | 0.6846206 | 1.0000000 | 0.5860660 | 0.6660165 | 0.6660533 | 0.6031036 | 0.4314910 | \n| Epith.c.size | 0.5089557 | 0.7404824 | 0.7043423 | 0.5860660 | 1.0000000 | 0.5568406 | 0.6102032 | 0.6433364 | 0.4775271 | \n| Bare.nuclei | 0.5600770 | 0.6687226 | 0.6896724 | 0.6660165 | 0.5568406 | 1.0000000 | 0.6668483 | 0.5795794 | 0.3539473 | \n| Bl.cromatin | 0.5290733 | 0.7502700 | 0.7276114 | 0.6660533 | 0.6102032 | 0.6668483 | 1.0000000 | 0.6838547 | 0.3545122 | \n| Normal.nucleoli | 0.5143933 | 0.7072182 | 0.7127155 | 0.6031036 | 0.6433364 | 0.5795794 | 0.6838547 | 1.0000000 | 0.4084127 | \n| Mitoses | 0.3426018 | 0.4506532 | 0.4345125 | 0.4314910 | 0.4775271 | 0.3539473 | 0.3545122 | 0.4084127 | 1.0000000 | \n\n\n"
                    }, 
                    "metadata": {}, 
                    "output_type": "display_data"
                }
            ]
        }, 
        {
            "source": "# summarize correlations between input variables\ncomplete_cases <- complete.cases(dataset)\ncor(dataset[complete_cases,1:9])", 
            "metadata": {
                "collapsed": false
            }, 
            "execution_count": 72, 
            "cell_type": "code", 
            "outputs": [
                {
                    "data": {
                        "text/html": "<table>\n<thead><tr><th></th><th scope=col>Cl.thickness</th><th scope=col>Cell.size</th><th scope=col>Cell.shape</th><th scope=col>Marg.adhesion</th><th scope=col>Epith.c.size</th><th scope=col>Bare.nuclei</th><th scope=col>Bl.cromatin</th><th scope=col>Normal.nucleoli</th><th scope=col>Mitoses</th></tr></thead>\n<tbody>\n\t<tr><th scope=row>Cl.thickness</th><td>1.0000000</td><td>0.6200884</td><td>0.6302917</td><td>0.4741733</td><td>0.5089557</td><td>0.5600770</td><td>0.5290733</td><td>0.5143933</td><td>0.3426018</td></tr>\n\t<tr><th scope=row>Cell.size</th><td>0.6200884</td><td>1.0000000</td><td>0.9011340</td><td>0.7141150</td><td>0.7404824</td><td>0.6687226</td><td>0.7502700</td><td>0.7072182</td><td>0.4506532</td></tr>\n\t<tr><th scope=row>Cell.shape</th><td>0.6302917</td><td>0.9011340</td><td>1.0000000</td><td>0.6846206</td><td>0.7043423</td><td>0.6896724</td><td>0.7276114</td><td>0.7127155</td><td>0.4345125</td></tr>\n\t<tr><th scope=row>Marg.adhesion</th><td>0.4741733</td><td>0.7141150</td><td>0.6846206</td><td>1.0000000</td><td>0.5860660</td><td>0.6660165</td><td>0.6660533</td><td>0.6031036</td><td>0.4314910</td></tr>\n\t<tr><th scope=row>Epith.c.size</th><td>0.5089557</td><td>0.7404824</td><td>0.7043423</td><td>0.5860660</td><td>1.0000000</td><td>0.5568406</td><td>0.6102032</td><td>0.6433364</td><td>0.4775271</td></tr>\n\t<tr><th scope=row>Bare.nuclei</th><td>0.5600770</td><td>0.6687226</td><td>0.6896724</td><td>0.6660165</td><td>0.5568406</td><td>1.0000000</td><td>0.6668483</td><td>0.5795794</td><td>0.3539473</td></tr>\n\t<tr><th scope=row>Bl.cromatin</th><td>0.5290733</td><td>0.7502700</td><td>0.7276114</td><td>0.6660533</td><td>0.6102032</td><td>0.6668483</td><td>1.0000000</td><td>0.6838547</td><td>0.3545122</td></tr>\n\t<tr><th scope=row>Normal.nucleoli</th><td>0.5143933</td><td>0.7072182</td><td>0.7127155</td><td>0.6031036</td><td>0.6433364</td><td>0.5795794</td><td>0.6838547</td><td>1.0000000</td><td>0.4084127</td></tr>\n\t<tr><th scope=row>Mitoses</th><td>0.3426018</td><td>0.4506532</td><td>0.4345125</td><td>0.4314910</td><td>0.4775271</td><td>0.3539473</td><td>0.3545122</td><td>0.4084127</td><td>1.0000000</td></tr>\n</tbody>\n</table>\n", 
                        "text/latex": "\\begin{tabular}{r|lllllllll}\n  & Cl.thickness & Cell.size & Cell.shape & Marg.adhesion & Epith.c.size & Bare.nuclei & Bl.cromatin & Normal.nucleoli & Mitoses\\\\\n\\hline\n\tCl.thickness & 1.0000000 & 0.6200884 & 0.6302917 & 0.4741733 & 0.5089557 & 0.5600770 & 0.5290733 & 0.5143933 & 0.3426018\\\\\n\tCell.size & 0.6200884 & 1.0000000 & 0.9011340 & 0.7141150 & 0.7404824 & 0.6687226 & 0.7502700 & 0.7072182 & 0.4506532\\\\\n\tCell.shape & 0.6302917 & 0.9011340 & 1.0000000 & 0.6846206 & 0.7043423 & 0.6896724 & 0.7276114 & 0.7127155 & 0.4345125\\\\\n\tMarg.adhesion & 0.4741733 & 0.7141150 & 0.6846206 & 1.0000000 & 0.5860660 & 0.6660165 & 0.6660533 & 0.6031036 & 0.4314910\\\\\n\tEpith.c.size & 0.5089557 & 0.7404824 & 0.7043423 & 0.5860660 & 1.0000000 & 0.5568406 & 0.6102032 & 0.6433364 & 0.4775271\\\\\n\tBare.nuclei & 0.5600770 & 0.6687226 & 0.6896724 & 0.6660165 & 0.5568406 & 1.0000000 & 0.6668483 & 0.5795794 & 0.3539473\\\\\n\tBl.cromatin & 0.5290733 & 0.7502700 & 0.7276114 & 0.6660533 & 0.6102032 & 0.6668483 & 1.0000000 & 0.6838547 & 0.3545122\\\\\n\tNormal.nucleoli & 0.5143933 & 0.7072182 & 0.7127155 & 0.6031036 & 0.6433364 & 0.5795794 & 0.6838547 & 1.0000000 & 0.4084127\\\\\n\tMitoses & 0.3426018 & 0.4506532 & 0.4345125 & 0.4314910 & 0.4775271 & 0.3539473 & 0.3545122 & 0.4084127 & 1.0000000\\\\\n\\end{tabular}\n", 
                        "text/plain": "                Cl.thickness Cell.size Cell.shape Marg.adhesion Epith.c.size\nCl.thickness    1.0000000    0.6200884 0.6302917  0.4741733     0.5089557   \nCell.size       0.6200884    1.0000000 0.9011340  0.7141150     0.7404824   \nCell.shape      0.6302917    0.9011340 1.0000000  0.6846206     0.7043423   \nMarg.adhesion   0.4741733    0.7141150 0.6846206  1.0000000     0.5860660   \nEpith.c.size    0.5089557    0.7404824 0.7043423  0.5860660     1.0000000   \nBare.nuclei     0.5600770    0.6687226 0.6896724  0.6660165     0.5568406   \nBl.cromatin     0.5290733    0.7502700 0.7276114  0.6660533     0.6102032   \nNormal.nucleoli 0.5143933    0.7072182 0.7127155  0.6031036     0.6433364   \nMitoses         0.3426018    0.4506532 0.4345125  0.4314910     0.4775271   \n                Bare.nuclei Bl.cromatin Normal.nucleoli Mitoses  \nCl.thickness    0.5600770   0.5290733   0.5143933       0.3426018\nCell.size       0.6687226   0.7502700   0.7072182       0.4506532\nCell.shape      0.6896724   0.7276114   0.7127155       0.4345125\nMarg.adhesion   0.6660165   0.6660533   0.6031036       0.4314910\nEpith.c.size    0.5568406   0.6102032   0.6433364       0.4775271\nBare.nuclei     1.0000000   0.6668483   0.5795794       0.3539473\nBl.cromatin     0.6668483   1.0000000   0.6838547       0.3545122\nNormal.nucleoli 0.5795794   0.6838547   1.0000000       0.4084127\nMitoses         0.3539473   0.3545122   0.4084127       1.0000000", 
                        "text/markdown": "\n| <!--/--> | Cl.thickness | Cell.size | Cell.shape | Marg.adhesion | Epith.c.size | Bare.nuclei | Bl.cromatin | Normal.nucleoli | Mitoses | \n|---|---|---|---|---|---|---|---|---|\n| Cl.thickness | 1.0000000 | 0.6200884 | 0.6302917 | 0.4741733 | 0.5089557 | 0.5600770 | 0.5290733 | 0.5143933 | 0.3426018 | \n| Cell.size | 0.6200884 | 1.0000000 | 0.9011340 | 0.7141150 | 0.7404824 | 0.6687226 | 0.7502700 | 0.7072182 | 0.4506532 | \n| Cell.shape | 0.6302917 | 0.9011340 | 1.0000000 | 0.6846206 | 0.7043423 | 0.6896724 | 0.7276114 | 0.7127155 | 0.4345125 | \n| Marg.adhesion | 0.4741733 | 0.7141150 | 0.6846206 | 1.0000000 | 0.5860660 | 0.6660165 | 0.6660533 | 0.6031036 | 0.4314910 | \n| Epith.c.size | 0.5089557 | 0.7404824 | 0.7043423 | 0.5860660 | 1.0000000 | 0.5568406 | 0.6102032 | 0.6433364 | 0.4775271 | \n| Bare.nuclei | 0.5600770 | 0.6687226 | 0.6896724 | 0.6660165 | 0.5568406 | 1.0000000 | 0.6668483 | 0.5795794 | 0.3539473 | \n| Bl.cromatin | 0.5290733 | 0.7502700 | 0.7276114 | 0.6660533 | 0.6102032 | 0.6668483 | 1.0000000 | 0.6838547 | 0.3545122 | \n| Normal.nucleoli | 0.5143933 | 0.7072182 | 0.7127155 | 0.6031036 | 0.6433364 | 0.5795794 | 0.6838547 | 1.0000000 | 0.4084127 | \n| Mitoses | 0.3426018 | 0.4506532 | 0.4345125 | 0.4314910 | 0.4775271 | 0.3539473 | 0.3545122 | 0.4084127 | 1.0000000 | \n\n\n"
                    }, 
                    "metadata": {}, 
                    "output_type": "display_data"
                }
            ]
        }, 
        {
            "source": "install.packages('PerformanceAnalytics')", 
            "metadata": {
                "scrolled": true, 
                "collapsed": false
            }, 
            "execution_count": 24, 
            "cell_type": "code", 
            "outputs": [
                {
                    "name": "stderr", 
                    "output_type": "stream", 
                    "text": "Installing package into \u2018/user-home/_global_/R\u2019\n(as \u2018lib\u2019 is unspecified)\nalso installing the dependency \u2018xts\u2019\n\n"
                }
            ]
        }, 
        {
            "source": "dataset4 <- dataset[,-10]", 
            "metadata": {
                "collapsed": true
            }, 
            "execution_count": 49, 
            "cell_type": "code", 
            "outputs": []
        }, 
        {
            "metadata": {}, 
            "source": "## Unimodal Data Vizualization", 
            "cell_type": "markdown"
        }, 
        {
            "source": "# histograms each attribute\npar(mfrow=c(3,3))\nfor(i in 1:9) {\nhist(dataset[,i], main=names(dataset)[i])\n}", 
            "metadata": {
                "collapsed": false
            }, 
            "execution_count": 86, 
            "cell_type": "code", 
            "outputs": [
                {
                    "data": {
                        "text/plain": "Plot with title \u201cMitoses\u201d", 
